5870
14888
60255
28736
20370
23658
26979
60038
34670
38083
360
9250
17433
31870
11901
13961
20954
12280
9043
36332
48948
11807
36028
4639
10497
46038
20726
21906
41396
36879
35680
37158
39512
33672
42087
28172
38989
56708
52673
57615
12022
11503
23361
42216
43191
35772
26844
13183
1815
16496
65199
30782
34256
12339
27672
55253
39202
57809
58168
37900
29635
41084
30303
1173
32047
41805
31061
38894
50488
64705
61547
4539
28187
31680
10183
1604
14974
38371
50532
9448
59666
59647
43183
32181
52161
57409
45754
36989
5290
36682
8815
40470
42820
58402
34885
26262
55418
59119
30028
14781
27798
56516
61868
232
20026
51459
30421
46123
60890
63244
41483
32387
62818
60492
5131
44838
2
24798
64227
30843
21071
41799
37716
26416
8992
6677
34630
28275
57841
27731
28457
24675
2983
14373
58446
44045
35571
9474
33423
17590
21955
36183
61398
43063
62834
61837
32851
5277
60330
58549
22136
8042
29228
10603
60933
2840
59376
17297
55751
27074
23105
55823
7102
54810
64744
57778
59357
52732
4203
45256
53665
1116
43521
51499
23835
53847
3266
23747
44079
51606
51241
20169
35131
52323
39936
47669
24652
31251
13879
54326
53407
12451
15182
22436
24600
24239
44625
33969
33508
25377
47499
9821
39296
49723
3428
64882
49086
2529
34599
26370
18336
22848
38289
4785
33553
8758
56686
9029
4057
25893
62629
8780
12627
23039
42604
50628
58299
13251
6041
42268
15665
28100
20032
41223
24744
56401
5132
61409
49015
36027
59143
30377
42557
23226
45259
21722
6718
943
18493
20377
56452
27222
22103
5889
89
45002
4773
13964
58085
49416
28783
57316
31246
64068
49595
42379
57565
35775
35234
43311
49163
24055
13217
47014
45431
19801
43488
19146
1445
47061
20632
28620
25230
33008
49429
7848
35672
58180
47865
42443
16586
41090
9922
27442
37512
25437
45233
27243
10605
28934
30620
34140
2961
6671
34628
62389
6873
46306
23091
56155
5901
20006
27472
25176
15584
42429
62356
22779
45926
33076
19611
61756
55767
54982
5371
54946
12205
54884
8093
24617
365
24653
27519
33774
15536
2859
56724
43680
52802
30156
15043
32510
46425
17118
60439
23510
34635
51022
27573
2396
30538
9774
54577
4296
5618
20287
63553
2952
58569
6025
30973
63875
35322
28058
64792
55342
59615
32089
8653
27266
42029
29057
64110
24570
38606
25392
9159
53051
41162
62001
3269
18192
48572
62159
61718
36552
47800
39015
9910
36144
2472
34325
52115
46007
8314
14616
38084
47473
35493
21205
31994
26624
21483
25245
21547
47788
47955
61837
48796
38428
11710
48442
1469
60805
24483
16382
14746
16449
64960
57354
34232
63768
54490
24748
18598
24257
32987
31569
29098
29516
43993
55363
58430
22160
42470
63791
9552
32200
42668
2525
25206
22765
23089
62910
63364
52366
29270
37677
62274
15656
54999
12169
49187
51001
46571
18828
576
42395
10195
53619
61437
46560
20452
55537
59150
32951
58849
14071
50125
10904
55999
17859
36123
14142
23574
35795
23339
6308
53726
53912
64516
6304
37444
59414
48268
19007
61353
2767
59761
54909
62754
51600
3903
9743
40445
62233
48500
8260
38199
2984
37999
62780
37331
41182
45683
45054
13703
48787
10289
6951
60210
47493
63885
22842
41733
32500
21385
61390
29283
39590
3211
60190
3533
11994
14459
11718
52077
11294
38480
63129
23833
12583
57633
9450
47310
40196
39629
51644
46854
34906
47808
8861
50811
35972
51071
12597
46354
31161
17895
49342
63015
24479
5480
53491
65123
38373
17546
3125
17868
50382
9619
9444
16596
18380
61222
46127
10614
42633
282
31459
49600
19206
63983
45810
20817
3505
9644
30399
65434
43663
29428
8544
21764
46305
1953
61806
7484
10472
49744
9748
7491
19872
29317
17506
4106
12960
21859
12590
9394
47224
28975
20989
51656
48183
48641
62905
59646
45296
42592
56370
55108
44143
20151
53689
9544
44654
16088
64065
11448
46077
32000
38367
44748
64247
58880
48797
6390
45982
37524
56800
3273
16600
26120
24051
39000
4494
30374
27241
9402
4144
56470
26714
32880
40807
38964
11718
37828
7521
44274
58779
15741
61792
16983
64540
36462
14686
39093
26030
6830
18422
58260
4180
24483
17642
43011
22092
19990
27890
4407
54947
57328
40876
51777
11949
16757
9429
20396
44473
32261
54320
22613
17002
53437
5549
59613
36755
45444
33229
57702
19581
30557
17479
22938
53999
61704
50537
60193
876
42317
35016
7935
30315
33912
41509
36486
18324
46308
39852
60636
42555
52381
10987
6704
48282
14959
39974
38441
28053
55544
28132
9004
57087
42630
12516
12409
50351
25822
25291
44364
59094
29745
42042
15215
27756
38109
23851
21503
2210
23494
40111
54588
18603
3419
50046
40115
58710
17300
21228
17693
10809
15235
3118
56243
14969
59207
26130
25824
14692
59759
16767
21644
9068
28447
44916
45674
29241
30360
36182
32507
31962
28635
46772
4675
58207
19855
36333
39252
15174
3188
42820
35880
41115
28656
29793
61819
50619
12949
59463
35482
39415
12706
11823
36179
42414
10972
47075
26235
51337
31829
6792
7100
7406
62940
27364
18338
25057
13386
3222
22285
29392
12000
12756
41860
799
38746
39836
16921
2408
28028
33902
58064
1192
44864
510
59572
35833
24278
38006
63258
26490
12333
3117
36025
51069
4026
26872
59782
3379
23708
55411
26779
65113
8307
33510
43896
11182
51050
26793
28791
51244
56162
11298
45637
11593
3377
18125
47782
52937
26465
53729
9966
28369
56812
48509
30940
63829
36574
2941
45786
35854
61399
25944
43712
54918
54476
11941
12951
11256
46237
2108
62224
22277
53317
37360
55193
32136
59840
7026
14407
10489
2042
57047
33287
54841
23885
20921
63942
17842
50795
5139
23428
8992
32716
1586
33411
33399
40919
6495
64512
7601
40062
33075
25142
13694
41721
1433
41352
29989
53462
22530
54806
16386
28041
30799
17443
23938
7227
26733
2570
3709
40314
42923
36519
13645
8459
12617
23406
24588
22533
963
1439
13015
28647
35031
1616
58865
57198
36943
58668
18999
30267
61960
58936
3130
28827
21954
32491
48356
26897
4525
13167
31888
57694
35528
8417
1007
50471
1152
26064
11300
47247
22307
52845
1515
15685
38682
42519
1477
47338
20727
21562
51565
12250
41165
30390
33047
6054
5484
32821
5435
64733
602
32050
47089
55264
40383
34445
44825
54514
2450
38140
51930
954
12724
56493
10806
56020
15067
38104
42415
48203
6247
4930
30283
45052
49555
28605
30060
22858
26761
30789
41037
50585
2143
39490
24597
4484
39162
35331
30160
2750
14936
56715
20425
58639
45772
33839
64519
53472
44575
184
57844
49735
17833
36850
60266
65421
31700
61920
52138
7820
32665
24584
41218
61555
48879
22405
17439
31684
2353
16855
13907
35998
17665
45974
17994
37793
34596
60560
45299
33798
43609
33004
47783
8623
57912
38740
31421
47191
9607
62547
55842
34076
46751
8025
37803
13318
33481
18964
23329
45908
35762
18199
11862
18083
4186
51454
14771
13388
46359
22393
43029
40817
31909
58367
11239
8617
65090
44045
3529
32580
59229
9009
4930
24978
33118
62271
40510
23201
42614
48506
64602
38494
19099
11153
64321
34082
32774
2984
32155
31732
43235
42720
64079
48929
23048
15888
34340
44020
19686
40097
17899
48800
41216
64951
60885
429
38812
5165
16536
3199
59018
57850
22393
5832
47390
12301
55926
52973
30920
58299
13844
37315
32998
9029
19081
23073
62387
14099
1626
16170
118
22956
56472
41046
3413
13449
3399
11925
24931
40003
17595
55823
7649
15049
11481
19564
36796
14990
10636
65432
9399
45540
40944
12654
39394
33270
54768
60623
19264
39184
44630
8441
59064
3115
17304
18482
9915
18413
43489
28441
41789
44429
61202
34350
14821
19537
50629
51039
2189
3223
9870
41398
30601
36244
39168
3441
23356
11085
50233
25369
50932
7778
23792
53354
50464
27572
34123
19999
52043
26126
14601
35315
27256
55362
28331
36970
28357
35440
11446
8749
23415
47459
61503
35100
62156
17217
26705
29009
17210
49393
47071
49853
34303
32761
9808
47133
62745
21689
25833
30825
41242
35131
21894
18435
14690
49416
36221
65345
43967
34488
42386
54300
31349
23597
50778
44317
43561
37538
50801
9179
13125
58387
40546
5513
62649
50074
60461
8332
16446
40652
48828
46590
14964
54824
59322
30354
29582
1837
41122
27233
20313
24240
26096
17255
3538
3690
35277
17103
34722
44279
9641
35170
64550
15282
49289
37789
41191
51742
13835
25160
64667
13014
10343
22696
31267
14892
36328
10641
2576
27376
47261
17642
7076
27154
36177
6020
45166
7691
31998
5957
53206
62273
14916
1542
10828
47833
4770
3493
19957
7602
18812
22585
26865
24929
53540
36695
14248
18819
17520
15833
26557
13241
4503
26537
27259
10510
23913
52064
27641
33728
17418
10709
58939
62597
49863
40938
4613
9952
50367
38690
18748
22
33377
4577
18672
30928
41474
8277
9089
23950
19983
7020
40302
54877
50078
56159
41411
29319
45655
32674
30006
39217
9474
34389
20835
44047
36921
57725
7108
56745
4860
28836
65087
47328
60202
50587
49534
39845
40485
25489
60259
62226
23588
47029
52798
56158
45800
58107
59306
57940
47849
3303
10297
3910
34863
24408
65339
65453
52830
64438
20571
56293
21944
12808
51945
9146
5395
727
29937
54970
33546
31961
40577
18550
63208
55235
56265
1322
49167
17883
5868
34689
61659
22021
17580
9314
47183
26742
51528
32242
35831
10321
9537
846
20953
13504
5075
32418
12392
9314
57169
30603
43202
54810
20933
15368
9653
37524
21103
46682
14420
55825
62220
53903
20761
55883
27143
6819
58072
28804
14571
23668
33541
19478
35022
41198
51468
15883
39036
30761
25796
668
62105
41579
8758
55713
1045
27193
22339
4936
38289
38902
34272
20124
40088
50097
54267
34751
54230
60965
22581
15321
35743
46608
8454
55571
11901
13145
18948
26937
1936
32183
26958
58817
62198
10444
7524
60511
49809
35806
35302
39787
19411
32687
8193
13741
17769
22800
9609
52576
22008
19264
3079
40586
63289
2341
53047
61664
6954
28911
16569
20971
54052
18886
23804
47139
37639
40828
33696
43040
3283
5234
46035
50480
2906
38436
47978
20196
9441
15625
40375
60774
39132
50375
21863
54958
11816
62934
31444
50907
29013
36381
18091
32338
17658
45604
57043
30832
20511
46309
55765
21973
31024
4178
27483
1458
17935
48416
47733
4498
44077
46189
30891
36736
38343
19018
61217
9886
9141
15436
23892
17004
32095
50076
45856
2415
53945
46646
26150
60392
3712
51021
24772
42956
39158
17153
53041
28469
30173
13787
56677
30457
64132
52417
20213
37654
21260
56918
14331
44847
4165
64244
1200
57667
458
5298
27491
36179
45624
52530
56022
37034
62882
47894
30022
46068
7342
34148
44705
45925
35055
34615
12959
1161
37224
51839
52693
8583
57427
36019
45806
35321
46485
11453
39838
55704
50046
21872
62215
19807
44468
29796
28050
53223
35948
4351
12423
11805
14427
25607
61912
26006
36342
41990
18161
5669
18661
55124
44923
108
37589
41127
51052
9108
58110
26461
29138
31851
22018
28917
48163
41094
14358
64876
45080
28718
5497
15460
18507
57911
18363
64857
16931
32004
41057
20802
38350
26718
33744
61539
62275
9173
33183
6961
49564
54743
14769
55692
50237
55237
10177
61354
46998
39817
49457
40062
60787
18338
11093
14715
12076
28305
45700
8172
61994
5908
5285
52308
14736
58039
41994
5249
22008
32906
16846
26960
4762
49692
12541
35144
50513
39157
52806
48517
9542
64315
18947
46754
49727
11841
40129
25495
29915
15902
4266
43193
9782
31123
58486
45393
56247
41441
48829
45690
2579
7758
58065
23101
53434
60283
23175
53780
58684
11990
37505
12362
42076
20158
14579
28662
62690
12319
35053
35689
26206
49835
36504
8539
15467
21750
23310
8505
58665
16896
37022
22348
45052
27160
10925
21934
30663
37131
59025
9011
23083
11273
15619
19912
33675
25029
28179
31210
36308
65449
48060
19773
61011
61228
37236
40530
29966
18074
358
10297
61041
26855
45611
40043
36423
51291
4661
53781
59711
51239
26679
65010
59530
59703
8767
21016
20810
59091
38751
8580
12250
42982
18950
42810
46379
61936
39776
56642
56001
39684
51834
25579
28677
36952
3055
22012
2555
26432
33105
2784
44186
22183
55726
13277
60225
26449
28362
30179
44054
24955
50430
40348
45126
32435
28113
53157
33138
12010
28597
41780
27334
20516
32649
59796
45691
4167
35515
285
24263
20713
19257
63162
28547
52517
57478
25864
39930
29138
45981
62621
21173
20641
15743
40225
61242
22277
41624
19230
55302
31210
30538
23253
32058
22414
27733
27749
65235
26904
5103
29213
38734
48560
27322
32202
50718
57659
20970
48713
39769
252
45649
21189
29807
39096
37406
5459
